# FAILED Right Eye Subject Identifiers
0000
0004
0006
0009
0014
0015
0018
0022
0026
0029
0032
0035
0040
0041
0042
0043
0048
0050
0051
0052
0054
0056
0062
0063
0064
0071
0072
0074
0076
0078
0083
0084
0085
0086
0089
0090
0092
0103
0108
0109
0113
0115
0121
0124
0126
0130
0136
0140
0141
0145
0156
0159
0166
0167
0168
0176
0180
0186
0190
0191
0196
0198
0199
0206
0209
0210
0212
0218
0222
0224
0231
0236
0238
0241
0246
0253
2062
0267
0268
0270
0271
0281
0284
0287
0290
0293
0300
0302
0307
0320
0328
0338
0345
0348
0350
0351
0353
0355
0356
0357
0358
0365
0367
0371
0372
0380
0388
0393
0396
0402
0406
0409
0410
0413
0423
0430
0433
0435
0436
0437
0441
0443
0445
0451
0452
0459
0461
0469
0470
0471
0473
0475
0476
0487
0495
0499
0503
0504
0506
0507
0509
0512
0513
0518
0522
0526
0533
0535
0536
0543
0545
0553
0556
0562
0563
0565
0566
0569
0580
0584
0587
0589
0591
0598
0601
0604
0612
0620
0621
0626
0627
0629
0632
0637
0638
0642
0653
0656
0658
0661
0662
0663
0666
0670
0671
0674
0679
0680
0682
0683
0684
0686
0695
0698
0700
0703
0704
0707
0710
0711
0712
0716
0718
0719
0723
0731
0734
0737
0739
0742
0746
0747
0749
0753
0756
0759
0772
0774
0775
0789
0790
0791
0794
0796
0797
0801
0802