# FAILED Left Eye Subject Identifiers
0000
0004
0009
0010
0013
0015
0018
0022
0026
0031
0032
0033
0035
0041
0042
0044
0046
0051
0052
0054
0056
0062
0063
0064
0072
0074
0078
0084
0085
0086
0096
0099
0103
0108
0109
0115
0119
0124
0126
0130
0135
0136
0140
0141
0145
0150
0153
0155
0156
0159
0161
0168
0180
0186
0190
0194
0196
0206
0209
0210
0218
0223
0224
0231
0233
0236
0238
0240
0242
0246
0250
0253
0262
0267
0268
0270
0279
0284
0286
0290
0293
0300
0301
0302
0304
0305
0307
0315
0320
0326
0328
0331
0338
0345
0346
0351
0354
0355
0358
0360
0363
0380
0393
0396
0397
0402
0406
0407
0409
0413
0423
0428
0431
0433
0435
0436
0437
0438
0442
0443
0446
0451
0455
0459
0461
0464
0466
0470
0471
0473
0487
0489
0493
0495
0499
0503
0506
0507
0512
0518
0526
0543
0545
0547
0552
0556
0563
0568
0569
0576
0579
0583
0589
0598
0599
0603
0603
0604
0606
0612
0619
0620
0621
0625
0626
0627
0629
0637
0639
0653
0658
0661
0662
0663
0670
0674
0676
0678
0678
0679
0682
0683
0684
0686
0687
0695
0698
0700
0704
0707
0710
0711
0715
0716
0718
0719
0725
0731
0734
0738
0739
0746
0747
0753
0754
0756
0759
0762
0780
0791
0797
0798
0802